2892346686658407681
2892134479135897241
2892133161363348449
2892130157956522314
2890821321406412083
2890806483342855447
2890185249544954231
2890076112108158772
2890066036173747973
2889028246868887908
2771586418442935208
2893078618870603186
2893081752820937340
2893122872756244307
2895051956551647040
2899341478424510992
2931514107241183526
2931477624052639437
2931471461345024716
2931466221350595833
2931460697368544602
2931458396171958707
2908268160139038549
2908266411877578440
2907108048946944910
2907105504170539296
2907101309556208310
2907099109299698692
2907095488440866552
2906952855034808191
2906694825521344054
2906178110613970037
2906177010221585354
2906169901304197207
2906162389599151770
2906149699086525966
2906141553169409904
